36600716 36600717
36600716 36600718
36600717 36600718
34343179 34362790
34343179 36602878
34362790 36602878
34327041 34333856
34327041 34333859
34327041 34334964
34327041 34334965
34327041 36382355
34327041 36568257
34327041 36578620
34327041 36604610
34327041 36604611
34327041 36604612
34333856 34333859
34333856 34334964
34333856 34334965
34333856 36382355
34333856 36568257
34333856 36578620
34333856 36604610
34333856 36604611
34333856 36604612
34333859 34334964
34333859 34334965
34333859 36382355
34333859 36568257
34333859 36578620
34333859 36604610
34333859 36604611
34333859 36604612
34334964 34334965
34334964 36382355
34334964 36568257
34334964 36578620
34334964 36604610
34334964 36604611
34334964 36604612
34334965 36382355
34334965 36568257
34334965 36578620
34334965 36604610
34334965 36604611
34334965 36604612
36382355 36568257
36382355 36578620
36382355 36604610
36382355 36604611
36382355 36604612
36568257 36578620
36568257 36604610
36568257 36604611
36568257 36604612
36578620 36604610
36578620 36604611
36578620 36604612
36604610 36604611
36604610 36604612
36604611 36604612
36483655 36529634
36483655 36608252
36483655 36608253
36483655 36608254
36483655 36608255
36483655 36608256
36483655 36608257
36529634 36608252
36529634 36608253
36529634 36608254
36529634 36608255
36529634 36608256
36529634 36608257
36608252 36608253
36608252 36608254
36608252 36608255
36608252 36608256
36608252 36608257
36608253 36608254
36608253 36608255
36608253 36608256
36608253 36608257
36608254 36608255
36608254 36608256
36608254 36608257
36608255 36608256
36608255 36608257
36608256 36608257
34445015 36565058
36609403 36609404
36609403 36609405
36609403 36609406
36609404 36609405
36609404 36609406
36609405 36609406
34306768 34306772
34306768 34338385
34306768 36611800
34306768 36611801
34306772 34338385
34306772 36611800
34306772 36611801
34338385 36611800
34338385 36611801
36611800 36611801
34300878 34326547
34300878 34341207
34300878 34341208
34300878 34341209
34300878 34342132
34300878 34344925
34300878 36612083
34300878 36612084
34326547 34341207
34326547 34341208
34326547 34341209
34326547 34342132
34326547 34344925
34326547 36612083
34326547 36612084
34341207 34341208
34341207 34341209
34341207 34342132
34341207 34344925
34341207 36612083
34341207 36612084
34341208 34341209
34341208 34342132
34341208 34344925
34341208 36612083
34341208 36612084
34341209 34342132
34341209 34344925
34341209 36612083
34341209 36612084
34342132 34344925
34342132 36612083
34342132 36612084
34344925 36612083
34344925 36612084
36612083 36612084
34317124 34355719
34317124 36581295
34317124 36612680
34355719 36581295
34355719 36612680
36581295 36612680
34470471 34470472
34470471 36613209
34470471 36613210
34470471 36613211
34470471 36613212
34470471 36613213
34470472 36613209
34470472 36613210
34470472 36613211
34470472 36613212
34470472 36613213
36613209 36613210
36613209 36613211
36613209 36613212
36613209 36613213
36613210 36613211
36613210 36613212
36613210 36613213
36613211 36613212
36613211 36613213
36613212 36613213
34304846 36602978
36585448 36616532
36585448 36616533
36585448 36616534
36616532 36616533
36616532 36616534
36616533 36616534
34303034 34303035
34303034 34321699
34303034 34321700
34303034 34321701
34303034 34424026
34303035 34321699
34303035 34321700
34303035 34321701
34303035 34424026
34321699 34321700
34321699 34321701
34321699 34424026
34321700 34321701
34321700 34424026
34321701 34424026
34303683 34303684
34303683 34303685
34303684 34303685
