36533425 36533426
36533425 36533427
36533425 36533428
36533426 36533427
36533426 36533428
36533427 36533428
36563545 36563546
36563545 36563547
36563545 36563548
36563545 36563549
36563545 36563550
36563546 36563547
36563546 36563548
36563546 36563549
36563546 36563550
36563547 36563548
36563547 36563549
36563547 36563550
36563548 36563549
36563548 36563550
36563549 36563550
34299687 34324712
34299687 34324719
34299687 34335389
34299687 34335392
34299687 34335394
34299687 36519493
34299687 36547891
34299687 36566342
34299687 36610390
34324712 34324719
34324712 34335389
34324712 34335392
34324712 34335394
34324712 36519493
34324712 36547891
34324712 36566342
34324712 36610390
34324719 34335389
34324719 34335392
34324719 34335394
34324719 36519493
34324719 36547891
34324719 36566342
34324719 36610390
34335389 34335392
34335389 34335394
34335389 36519493
34335389 36547891
34335389 36566342
34335389 36610390
34335392 34335394
34335392 36519493
34335392 36547891
34335392 36566342
34335392 36610390
34335394 36519493
34335394 36547891
34335394 36566342
34335394 36610390
36519493 36547891
36519493 36566342
36519493 36610390
36547891 36566342
36547891 36610390
36566342 36610390
35828745 36382342
35828745 36461554
35828745 36477923
36382342 36461554
36382342 36477923
36461554 36477923
34323963 34342713
34323963 36576120
34323963 36613115
34323963 36613116
34342713 36576120
34342713 36613115
34342713 36613116
36576120 36613115
36576120 36613116
36613115 36613116
34309844 34309845
34309844 34309846
34309845 34309846
34312616 34312618
34312616 34343528
34312616 36614807
34312616 36614808
34312616 36614809
34312618 34343528
34312618 36614807
34312618 36614808
34312618 36614809
34343528 36614807
34343528 36614808
34343528 36614809
36614807 36614808
36614807 36614809
36614808 36614809
34340919 34356776
34340919 34627618
34340919 36232284
34340919 36438111
34340919 36438117
34340919 36450212
34340919 36616759
34356776 34627618
34356776 36232284
34356776 36438111
34356776 36438117
34356776 36450212
34356776 36616759
34627618 36232284
34627618 36438111
34627618 36438117
34627618 36450212
34627618 36616759
36232284 36438111
36232284 36438117
36232284 36450212
36232284 36616759
36438111 36438117
36438111 36450212
36438111 36616759
36438117 36450212
36438117 36616759
36450212 36616759
34347396 34347398
34347396 36619458
34347398 36619458
34325522 34325523
34325522 34325524
34325522 36620760
34325523 34325524
34325523 36620760
34325524 36620760
36433268 36617394
34312764 34312765
34312764 34649310
34312764 36622109
34312765 34649310
34312765 36622109
34649310 36622109
34336122 34381417
34336122 36420043
34336122 36571074
34336122 36637576
34336122 36649687
34336122 36649688
34336122 36649689
34381417 36420043
34381417 36571074
34381417 36637576
34381417 36649687
34381417 36649688
34381417 36649689
36420043 36571074
36420043 36637576
36420043 36649687
36420043 36649688
36420043 36649689
36571074 36637576
36571074 36649687
36571074 36649688
36571074 36649689
36637576 36649687
36637576 36649688
36637576 36649689
36649687 36649688
36649687 36649689
36649688 36649689
34323767 34343552
34323767 34378615
34323767 34378616
34323767 34378618
34323767 34378619
34323767 34378621
34323767 34378627
34323767 34378628
34323767 34378629
34323767 36480528
34323767 36512409
34323767 36512411
34323767 36512413
34323767 36645569
34323767 36651510
34323767 36651511
34323767 36651512
34343552 34378615
34343552 34378616
34343552 34378618
34343552 34378619
34343552 34378621
34343552 34378627
34343552 34378628
34343552 34378629
34343552 36480528
34343552 36512409
34343552 36512411
34343552 36512413
34343552 36645569
34343552 36651510
34343552 36651511
34343552 36651512
34378615 34378616
34378615 34378618
34378615 34378619
34378615 34378621
34378615 34378627
34378615 34378628
34378615 34378629
34378615 36480528
34378615 36512409
34378615 36512411
34378615 36512413
34378615 36645569
34378615 36651510
34378615 36651511
34378615 36651512
34378616 34378618
34378616 34378619
34378616 34378621
34378616 34378627
34378616 34378628
34378616 34378629
34378616 36480528
34378616 36512409
34378616 36512411
34378616 36512413
34378616 36645569
34378616 36651510
34378616 36651511
34378616 36651512
34378618 34378619
34378618 34378621
34378618 34378627
34378618 34378628
34378618 34378629
34378618 36480528
34378618 36512409
34378618 36512411
34378618 36512413
34378618 36645569
34378618 36651510
34378618 36651511
34378618 36651512
34378619 34378621
34378619 34378627
34378619 34378628
34378619 34378629
34378619 36480528
34378619 36512409
34378619 36512411
34378619 36512413
34378619 36645569
34378619 36651510
34378619 36651511
34378619 36651512
34378621 34378627
34378621 34378628
34378621 34378629
34378621 36480528
34378621 36512409
34378621 36512411
34378621 36512413
34378621 36645569
34378621 36651510
34378621 36651511
34378621 36651512
34378627 34378628
34378627 34378629
34378627 36480528
34378627 36512409
34378627 36512411
34378627 36512413
34378627 36645569
34378627 36651510
34378627 36651511
34378627 36651512
34378628 34378629
34378628 36480528
34378628 36512409
34378628 36512411
34378628 36512413
34378628 36645569
34378628 36651510
34378628 36651511
34378628 36651512
34378629 36480528
34378629 36512409
34378629 36512411
34378629 36512413
34378629 36645569
34378629 36651510
34378629 36651511
34378629 36651512
36480528 36512409
36480528 36512411
36480528 36512413
36480528 36645569
36480528 36651510
36480528 36651511
36480528 36651512
36512409 36512411
36512409 36512413
36512409 36645569
36512409 36651510
36512409 36651511
36512409 36651512
36512411 36512413
36512411 36645569
36512411 36651510
36512411 36651511
36512411 36651512
36512413 36645569
36512413 36651510
36512413 36651511
36512413 36651512
36645569 36651510
36645569 36651511
36645569 36651512
36651510 36651511
36651510 36651512
36651511 36651512
